---
build/images/digital/zefaapostpost.jpg: 2016-05-29 23:03:57.624528054 -05:00
build/images/digital/endlessforest_square_400x400.jpg: 2016-05-29 23:22:45.113764635
  -05:00
build/images/digital/catcurve.jpg: 2016-05-29 23:03:57.547859599 -05:00
build/images/digital/catcurve_square_400x400.jpg: 2016-05-29 23:22:45.127098331 -05:00
build/images/digital/endlessforest.jpg: 2016-05-29 23:03:57.677862630 -05:00
build/images/digital/zefaapostpost_square_400x400.jpg: 2016-05-29 23:22:45.123764907
  -05:00
build/images/preview.png: 2016-05-29 23:03:58.561216567 -05:00
build/images/widgets/instawidget.png: 2016-05-29 23:03:59.144563509 -05:00
build/images/widgets/widget-container.jpg: 2016-05-29 23:03:57.437857034 -05:00
build/images/widgets/tumblrwidget.png: 2016-05-29 23:03:59.041227764 -05:00
build/images/widgets/twitterwidget.png: 2016-05-29 23:03:59.011227064 -05:00
build/images/nav/4.jpg: 2016-05-29 23:03:57.484524789 -05:00
build/images/nav/3.jpg: 2016-05-29 23:03:57.537859365 -05:00
build/images/nav/5.jpg: 2016-05-29 23:03:57.571193476 -05:00
build/images/nav/1.jpg: 2016-05-29 23:03:57.584527121 -05:00
build/images/nav/2.jpg: 2016-05-29 23:03:57.617861231 -05:00
build/images/traditional/Starmaker-August-5-2012.jpg: 2016-05-29 23:03:57.624528054
  -05:00
build/images/traditional/forestAug-10-2012.jpg: 2016-05-29 23:03:58.061204903 -05:00
build/images/traditional/1-15-2013 greatmushroomforest_square_400x400.jpg: 2016-05-29
  23:22:42.503693606 -05:00
build/images/traditional/Starmaker-August-5-2012_square_400x400.jpg: 2016-05-29 23:22:45.503775249
  -05:00
build/images/traditional/forestAug-10-2012_square_400x400.jpg: 2016-05-29 23:22:43.257047440
  -05:00
build/images/traditional/wolferst.jpg: 2016-05-29 23:03:58.191207936 -05:00
build/images/traditional/wolferst_square_400x400.jpg: 2016-05-29 23:22:44.780422230
  -05:00
build/images/traditional/parade- aug28-2012.jpg: 2016-05-29 23:03:57.811199073 -05:00
build/images/traditional/1-15-2013 greatmushroomforest.jpg: 2016-05-29 23:03:57.941202104
  -05:00
build/images/traditional/parade- aug28-2012_square_400x400.jpg: 2016-05-29 23:22:45.823783958
  -05:00
build/images/bg.jpg: 2016-05-29 23:03:58.621217966 -05:00
build/images/logo.jpg: 2016-05-29 23:03:58.067871725 -05:00
