---
build/images/digital/zefaapostpost.jpg: 2016-05-29 23:03:57.624528054 -05:00
build/images/digital/endlessforest_square_400x400.jpg: 2016-05-31 14:30:49.352687423
  -05:00
build/images/digital/catcurve.jpg: 2016-05-29 23:03:57.547859599 -05:00
build/images/digital/catcurve_square_400x400.jpg: 2016-05-31 14:30:49.336020621 -05:00
build/images/digital/endlessforest.jpg: 2016-05-29 23:03:57.677862630 -05:00
build/images/digital/zefaapostpost_square_400x400.jpg: 2016-05-31 14:30:49.329353900
  -05:00
build/images/preview.png: 2016-05-29 23:03:58.561216567 -05:00
build/images/widgets/instawidget.png: 2016-05-29 23:03:59.144563509 -05:00
build/images/widgets/widget-container.jpg: 2016-05-29 23:03:57.437857034 -05:00
build/images/widgets/tumblrwidget.png: 2016-05-29 23:03:59.041227764 -05:00
build/images/widgets/twitterwidget.png: 2016-05-29 23:03:59.011227064 -05:00
build/images/nav/4.jpg: 2016-05-29 23:03:57.484524789 -05:00
build/images/nav/3.jpg: 2016-05-29 23:03:57.537859365 -05:00
build/images/nav/5.jpg: 2016-05-29 23:03:57.571193476 -05:00
build/images/nav/1.jpg: 2016-05-29 23:03:57.584527121 -05:00
build/images/nav/2.jpg: 2016-05-29 23:03:57.617861231 -05:00
build/images/traditional/Starmaker-August-5-2012.jpg: 2016-05-29 23:03:57.624528054
  -05:00
build/images/traditional/forestAug-10-2012.jpg: 2016-05-29 23:03:58.061204903 -05:00
build/images/traditional/Starmaker-August-5-2012_square_400x400.jpg: 2016-05-31 14:30:49.662689945
  -05:00
build/images/traditional/1-15-2013_greatmushroomforest.jpg: 2016-05-31 14:30:49.806024445
  -05:00
build/images/traditional/parade_aug28-2012_square_400x400.jpg: 2016-05-31 14:30:49.722690433
  -05:00
build/images/traditional/forestAug-10-2012_square_400x400.jpg: 2016-05-31 14:30:48.229344950
  -05:00
build/images/traditional/wolferst.jpg: 2016-05-29 23:03:58.191207936 -05:00
build/images/traditional/wolferst_square_400x400.jpg: 2016-05-31 14:30:49.169352598
  -05:00
build/images/traditional/1-15-2013_greatmushroomforest_square_400x400.jpg: 2016-05-31
  14:30:47.506005732 -05:00
build/images/traditional/parade_aug28-2012.jpg: 2016-05-31 14:30:49.966025747 -05:00
build/images/bg.jpg: 2016-05-29 23:03:58.621217966 -05:00
build/images/logo.jpg: 2016-05-29 23:03:58.067871725 -05:00
