---
build/images/widgets/instawidget.png: 2016-05-27 17:52:23.147220874 -04:00
build/images/widgets/widget-container.jpg: 2016-05-27 17:52:22.313887538 -04:00
build/images/widgets/tumblrwidget.png: 2016-05-27 17:52:23.233887541 -04:00
build/images/widgets/twitterwidget.png: 2016-05-27 17:52:23.063887540 -04:00
build/images/nav/4.jpg: 2016-05-27 17:52:22.213887538 -04:00
build/images/nav/3.jpg: 2016-05-27 17:52:22.213887538 -04:00
build/images/nav/5.jpg: 2016-05-27 17:52:22.220554204 -04:00
build/images/nav/1.jpg: 2016-05-27 17:52:22.213887538 -04:00
build/images/nav/2.jpg: 2016-05-27 17:52:22.253887537 -04:00
build/images/test-images/<>.jpg: 2016-05-27 17:52:22.420554205 -04:00
build/images/test-images/4.jpg: 2016-05-27 17:52:22.697220872 -04:00
build/images/test-images/4_square_400x400.jpg: 2016-05-27 18:59:40.953900732 -04:00
build/images/test-images/1_square_400x400.jpg: 2016-05-27 18:59:40.970567399 -04:00
build/images/test-images/3.jpg: 2016-05-27 17:52:22.430554204 -04:00
build/images/test-images/5_x100.jpg: 2016-05-27 18:59:41.007234066 -04:00
build/images/test-images/5.jpg: 2016-05-27 17:52:22.453887538 -04:00
build/images/test-images/2_50x50.jpg: 2016-05-27 18:59:41.050567399 -04:00
build/images/test-images/1.jpg: 2016-05-27 17:52:22.583887538 -04:00
build/images/test-images/5_square_400x400.jpg: 2016-05-27 18:59:41.107234066 -04:00
build/images/test-images/fox.jpg: 2016-05-27 17:52:22.520554205 -04:00
build/images/test-images/2.jpg: 2016-05-27 17:52:23.110554207 -04:00
build/images/test-images/fox_square_400x400.jpg: 2016-05-27 18:59:41.170567400 -04:00
build/images/test-images/5_150x.jpg: 2016-05-27 18:59:41.190567399 -04:00
build/images/test-images/2_square_400x400.jpg: 2016-05-27 18:59:41.220567400 -04:00
build/images/test-images/<>_50x50.jpg: 2016-05-27 18:59:41.230567400 -04:00
build/images/test-images/2_square_200x200.jpg: 2016-05-27 18:59:41.267234067 -04:00
build/images/bg.jpg: 2016-05-27 17:52:23.177220874 -04:00
build/images/logo.jpg: 2016-05-27 17:52:22.717220872 -04:00
